437
880
215
737
634
528
514
270
787
896
536
287
452
804
148
835
448
538
571
446
271
8
361
238
93
370
935
356
445
568
327
69
136
735
306
641
39
61
688
230
506
9
776
573
932
938
926
750
523
94
174
57
943
633
232
126
687
674
261
930
590
688
86
417
383
736
440
412
312
400
91
108
370
408
618
384
158
727
358
918
434
737
971
134
995
85
108
268
473
383
302
658
400
899
389
684
909
817
270
337
345
210
69
329
652
446
686
270
582
19
900
613
375
487
807
800
921
668
900
710
121
551
7
392
428
64
87
824
640
775
100
966
538
570
26
927
135
166
847
792
251
441
777
38
878
488
816
859
317
413
369
694
143
361
91
219
639
703
209
895
473
583
675
401
410
453
276
940
172
729
199
515
234
913
149
373
324
872
506
308
57
874
128
117
701
784
883
45
296
881
293
443
739
281
88
885
625
201
942
876
103
867
955
488
573
344
868
729
630
229
248
639
563
148
703
383
164
45
661
854
619
712
604
227
805
242
745
256
958
616
199
23
615
590
985
487
319
305
232
401
485
490
428
587
66
690
502
550
533
226
295
737
751
865
874
828
739
521
112
851
842
164
145
459
527
183
837
693
379
120
661
894
111
337
706
667
471
409
476
567
802
155
392
505
997
14
453
977
62
971
98
815
12
704
656
968
639
554
549
613
300
541
110
936
564
583
354
112
765
819
364
995
887
993
325
953
124
19
795
287
185
32
608
876
8
329
334
213
172
533
729
176
657
978
815
330
995
146
74
393
728
164
667
874
121
59
284
171
327
85
878
29
257
169
534
857
689
222
385
767
432
672
841
320
268
793
26
20
696
28
717
367
603
35
435
124
945
882
69
83
772
210
678
672
152
557
290
711
877
545
338
233
345
169
41
392
27
939
808
276
142
97
828
560
202
255
835
116
731
656
760
536
402
299
137
139
367
392
47
122
637
956
761
989
963
155
300
375
617
175
652
519
883
454
889
957
675
742
391
743
759
305
462
238
440
668
907
552
921
18
71
166
26
170
917
335
614
281
27
813
895
802
962
451
73
383
813
170
835
365
63
947
612
775
578
921
75
215
825
491
404
681
645
457
479
29
274
893
638
23
976
47
145
373
910
99
134
414
123
318
282
791
478
162
919
9
413
254
16
150
290
607
795
383
352
402
159
890
91
412
943
820
331
168
384
365
349
528
85
273
964
914
708
106
487
319
754
651
399
964
525
869
207
107
375
73
588
902
715
875
669
90
969
435
855
801
688
799
589
422
811
284
411
712
252
733
575
710
859
173
955
765
365
532
424
65
573
729
520
945
268
936
958
548
951
843
594
765
4
430
54
823
882
869
383
867
191
45
85
498
521
697
412
85
423
457
189
526
817
909
484
968
982
364
595
33
367
345
851
494
268
373
628
355
939
925
161
234
414
326
810
527
736
917
945
198
866
624
582
112
113
909
181
227
534
782
949
984
976
952
892
562
682
641
604
32
367
484
232
624
770
460
913
336
324
520
9
132
918
379
225
795
985
212
692
525
715
303
752
696
148
485
456
43
960
508
176
247
844
898
766
990
487
163
328
767
996
977
868
347
327
71
741
686
352
295
777
981
402
165
376
389
436
489
82
433
191
401
257
902
61
446
300
938
772
305
216
291
56
233
306
627
565
626
590
684
448
971
417
33
816
735
