864
907
270
510
344
832
817
137
669
940
622
737
401
971
448
400
254
987
802
206
435
739
969
723
726
931
409
457
30
491
654
349
811
58
552
212
383
441
328
832
339
362
717
558
906
661
267
244
581
990
631
234
865
471
415
82
55
305
413
454
349
279
495
700
608
637
969
588
134
368
772
930
824
938
424
342
114
849
870
280
803
295
370
354
35
68
927
521
558
864
377
882
990
38
779
353
339
210
752
83
438
219
288
484
755
336
628
937
221
975
993
135
245
896
261
203
126
781
757
725
934
3
711
449
73
592
558
660
76
707
878
147
368
271
524
601
121
196
84
999
498
614
118
906
986
713
172
756
431
319
678
959
891
245
214
426
368
822
455
762
702
550
229
612
253
54
220
324
454
261
694
554
657
964
132
142
854
613
436
28
512
349
288
644
276
997
710
149
703
162
304
960
318
625
646
753
409
618
583
685
616
558
743
404
892
334
909
810
215
873
481
438
361
895
618
639
723
490
87
581
575
573
893
185
458
122
329
115
717
882
18
351
742
124
821
459
344
231
514
476
814
69
81
14
344
739
75
732
251
855
649
515
898
649
991
195
482
901
628
646
55
534
6
695
796
596
933
684
67
112
256
631
135
371
999
389
136
563
262
673
520
808
146
764
837
131
440
343
672
495
733
13
514
581
388
264
135
238
330
35
593
734
600
678
294
664
509
317
150
139
188
874
973
239
621
77
72
453
307
498
120
831
689
744
16
708
310
492
234
937
811
287
961
585
133
156
394
412
137
823
574
411
120
315
283
76
919
491
128
766
596
225
352
577
786
238
487
741
811
740
228
806
126
259
877
968
17
863
339
879
19
171
277
478
668
375
697
7
260
864
828
454
869
452
659
586
50
368
359
361
61
835
942
778
863
367
423
220
712
164
793
673
37
950
967
593
370
69
20
120
137
801
84
585
876
249
25
209
151
885
997
646
774
366
704
232
251
864
872
906
63
182
742
250
720
875
759
648
737
765
385
875
60
876
228
60
793
833
276
995
909
313
404
970
165
29
118
780
176
915
899
527
93
67
877
925
528
868
419
324
101
676
440
628
412
135
976
161
859
748
634
804
786
855
443
976
18
678
687
723
72
803
548
284
263
989
916
211
66
994
948
484
188
677
612
232
460
330
657
998
179
707
112
996
290
455
801
162
452
292
547
501
67
191
321
727
706
940
882
409
434
214
958
731
915
884
857
362
158
753
209
719
721
805
736
81
899
680
138
81
19
643
823
179
799
421
282
579
929
435
256
323
499
633
327
191
854
364
814
667
516
740
369
507
846
78
533
878
776
626
76
336
345
108
331
813
381
515
236
162
147
311
70
503
271
166
472
832
192
712
682
179
215
476
624
671
417
457
569
493
901
342
164
498
443
531
411
845
364
714
805
10
215
828
916
115
40
412
812
103
213
352
73
960
466
701
969
619
429
480
204
964
265
282
756
594
569
451
666
795
249
394
68
891
200
446
881
441
705
35
961
933
510
262
598
239
679
603
579
960
34
611
849
96
369
547
343
170
768
11
335
796
261
918
664
451
657
928
455
677
841
880
623
74
574
737
115
738
591
943
720
877
845
640
2
145
684
496
419
139
689
696
525
872
53
905
114
992
949
617
125
48
206
463
27
773
395
15
367
290
488
462
994
380
221
793
580
484
679
70
623
657
