437,864
880,907
215,270
737,510
634,344
528,832
514,817
270,137
787,669
896,940
536,622
287,737
452,401
804,971
148,448
835,400
448,254
538,987
571,802
446,206
271,435
8,739
361,969
238,723
93,726
370,931
935,409
356,457
445,30
568,491
327,654
69,349
136,811
735,58
306,552
641,212
39,383
61,441
688,328
230,832
506,339
9,362
776,717
573,558
932,906
938,661
926,267
750,244
523,581
94,990
174,631
57,234
943,865
633,471
232,415
126,82
687,55
674,305
261,413
930,454
590,349
688,279
86,495
417,700
383,608
736,637
440,969
412,588
312,134
400,368
91,772
108,930
370,824
408,938
618,424
384,342
158,114
727,849
358,870
918,280
434,803
737,295
971,370
134,354
995,35
85,68
108,927
268,521
473,558
383,864
302,377
658,882
400,990
899,38
389,779
684,353
909,339
817,210
270,752
337,83
345,438
210,219
69,288
329,484
652,755
446,336
686,628
270,937
582,221
19,975
900,993
613,135
375,245
487,896
807,261
800,203
921,126
668,781
900,757
710,725
121,934
551,3
7,711
392,449
428,73
64,592
87,558
824,660
640,76
775,707
100,878
966,147
538,368
570,271
26,524
927,601
135,121
166,196
847,84
792,999
251,498
441,614
777,118
38,906
878,986
488,713
816,172
859,756
317,431
413,319
369,678
694,959
143,891
361,245
91,214
219,426
639,368
703,822
209,455
895,762
473,702
583,550
675,229
401,612
410,253
453,54
276,220
940,324
172,454
729,261
199,694
515,554
234,657
913,964
149,132
373,142
324,854
872,613
506,436
308,28
57,512
874,349
128,288
117,644
701,276
784,997
883,710
45,149
296,703
881,162
293,304
443,960
739,318
281,625
88,646
885,753
625,409
201,618
942,583
876,685
103,616
867,558
955,743
488,404
573,892
344,334
868,909
729,810
630,215
229,873
248,481
639,438
563,361
148,895
703,618
383,639
164,723
45,490
661,87
854,581
619,575
712,573
604,893
227,185
805,458
634,559
242,122
745,329
256,115
958,717
616,882
199,18
23,351
615,742
590,124
985,821
487,459
319,344
305,231
232,514
401,476
485,814
490,69
428,81
587,14
66,344
690,739
502,75
550,732
533,251
226,855
295,649
737,515
751,898
865,649
874,991
828,195
739,482
521,901
112,628
851,646
842,55
164,534
145,6
459,695
527,796
183,596
837,933
693,684
379,67
120,112
661,256
894,631
111,135
337,371
706,999
667,389
471,136
409,563
476,262
567,673
802,520
155,808
392,146
505,764
997,837
14,131
453,440
977,343
62,672
971,495
98,733
815,13
12,514
704,581
656,388
968,264
639,135
554,238
549,330
613,35
300,593
541,734
110,600
936,678
564,294
583,664
354,509
112,317
765,150
819,139
364,188
995,874
887,973
993,239
325,621
953,77
124,72
19,453
795,307
287,498
185,120
32,831
608,689
876,744
8,16
329,708
334,310
213,492
172,234
533,937
729,811
176,287
657,961
978,585
815,133
330,156
995,394
146,412
74,137
393,823
728,574
164,411
667,120
874,315
121,283
59,76
284,919
171,491
327,128
85,766
878,596
29,225
257,352
169,577
534,786
857,238
689,487
222,741
385,811
767,740
432,228
672,806
841,126
320,259
268,877
793,968
26,17
20,863
696,339
28,879
717,19
367,171
603,277
35,478
435,668
124,375
945,697
882,7
69,260
83,864
772,828
210,454
678,869
672,452
152,659
557,586
290,50
711,368
877,359
545,361
338,61
233,835
345,942
169,778
41,863
392,367
27,423
939,220
808,712
276,164
142,793
97,673
828,37
560,950
202,967
255,593
835,370
116,69
731,20
656,120
760,137
536,801
402,84
299,585
137,876
139,249
367,25
392,209
47,151
122,885
637,997
956,646
761,774
989,366
963,704
155,232
300,251
375,864
617,872
175,906
652,63
519,182
883,742
454,250
889,720
957,875
675,759
742,648
391,737
743,765
759,385
305,875
462,60
238,876
440,228
668,60
907,793
552,833
921,276
18,995
71,909
166,313
26,404
170,970
917,165
335,29
614,118
281,780
27,176
813,915
895,899
802,527
962,93
451,67
73,877
383,925
813,528
170,868
835,419
365,324
63,101
947,676
612,440
775,628
578,412
921,135
75,976
215,161
825,859
491,748
404,634
681,804
645,786
457,855
479,443
29,976
274,18
893,678
638,687
23,723
976,72
47,803
145,548
373,284
910,263
99,989
134,916
414,211
123,66
318,994
282,948
791,484
478,188
162,677
919,612
9,232
413,460
254,330
16,657
150,998
290,179
607,707
795,112
383,996
352,290
402,455
159,801
890,162
91,452
412,292
943,547
820,501
331,67
168,191
384,321
365,727
349,706
528,940
85,882
273,409
964,434
914,214
708,958
106,731
487,915
319,884
754,857
651,362
399,158
964,753
525,209
869,719
207,721
107,805
375,736
73,81
588,899
902,680
715,138
875,81
669,19
90,643
969,823
435,179
855,799
801,421
688,282
799,579
589,929
422,435
811,256
284,323
411,499
712,633
252,327
733,191
575,854
710,364
859,814
173,667
955,516
765,740
365,369
532,507
424,846
65,78
573,533
729,878
520,776
945,626
268,76
936,336
958,345
548,108
951,331
843,813
594,381
765,515
4,236
721,403
430,162
54,147
823,311
882,70
869,503
383,271
867,166
191,472
45,832
85,192
498,712
521,682
697,179
412,215
85,476
423,624
457,671
189,417
526,457
817,569
909,493
484,901
968,342
982,164
364,498
595,443
33,531
367,411
345,845
128,233
851,364
494,714
268,805
373,10
628,215
355,828
939,916
925,115
161,40
234,412
414,812
326,103
810,213
527,352
736,73
917,960
945,466
198,701
866,969
624,619
582,429
112,480
113,204
909,964
181,265
227,282
534,756
782,594
949,569
984,451
976,666
952,795
892,249
562,394
682,68
641,891
604,200
32,446
367,881
484,441
232,705
624,35
770,961
460,933
913,510
336,262
324,598
520,239
9,679
132,603
918,579
379,960
225,34
795,611
985,849
212,96
692,369
525,547
715,343
303,170
752,768
696,11
148,335
485,796
456,261
43,918
960,664
508,451
176,657
247,928
844,455
898,677
766,841
990,880
487,623
163,74
328,574
767,737
996,115
977,738
868,591
347,943
327,720
71,877
741,845
686,640
352,2
295,145
777,684
981,496
402,419
165,139
376,689
389,696
436,525
489,872
82,53
433,905
191,114
401,992
257,949
902,617
61,125
446,48
300,206
938,463
772,27
305,773
216,395
291,15
56,367
233,290
306,488
627,462
565,994
626,380
590,221
684,793
448,580
971,484
417,679
33,70
816,623
735,657
